#include "gaussweights.h"


//\\//\\//\\//\\//\\//\\//\\//\\//\\//\\//\\//\\//\\//\\//\\//\\//\\//
namespace SpaceGeomTools {




MGSize tabN_simpl1D[]    = { 1, 2, 3, 4 };
MGSize tabSumN_simpl1D[] = { 0, 1, 3, 6 };
MGFloat tabGW_simpl1D[] = 
{
// 1 - poly deg 1
0.500000000000000000000000000000, 0.500000000000000000000000000000,  1.000000000000000000000000000000 ,
// 2 - poly deg 3
0.211324865405187117745425609748, 0.788675134594812882254574390252,  0.500000000000000000000000000000 ,
0.788675134594812882254574390252, 0.211324865405187117745425609748,  0.500000000000000000000000000000 ,
// 3 - poly deg 5
0.112701665379258311482073460022, 0.887298334620741688517926539978,  0.277777777777777777777777777778 ,
0.500000000000000000000000000000, 0.500000000000000000000000000000,  0.444444444444444444444444444444 ,
0.887298334620741688517926539978, 0.112701665379258311482073460022,  0.277777777777777777777777777778 ,
// 4 - poly deg 7
0.069431844202973712388026755553, 0.930568155797026287611973244447,  0.173927422568726928686531974611 ,
0.330009478207571867598667120449, 0.669990521792428132401332879551,  0.326072577431273071313468025389 ,
0.669990521792428132401332879551, 0.330009478207571867598667120449,  0.326072577431273071313468025389 ,
0.930568155797026287611973244447, 0.069431844202973712388026755553,  0.173927422568726928686531974611
};


MGSize tabN_simpl2D[]    = { 1, 3, 4, 6,  7, 12 };
MGSize tabSumN_simpl2D[] = { 0, 1, 4, 8, 14, 21 };
MGFloat tabGW_simpl2D[] = 
{
// 1 - poly deg 1
0.333333333333333, 0.333333333333333, 0.333333333333333,  1.000000000000000,
// 2 - poly deg 2
0.666666666666667, 0.166666666666667, 0.166666666666667,  0.333333333333333,
0.166666666666667, 0.666666666666667, 0.166666666666667,  0.333333333333333,
0.166666666666667, 0.166666666666667, 0.666666666666667,  0.333333333333333,
// 3 - poly deg 3
0.333333333333333, 0.333333333333333, 0.333333333333333, -0.562500000000000,
0.600000000000000, 0.200000000000000, 0.200000000000000,  0.520833333333333,
0.200000000000000, 0.600000000000000, 0.200000000000000,  0.520833333333333,
0.200000000000000, 0.200000000000000, 0.600000000000000,  0.520833333333333,
// 4 - poly deg 4
0.108103018168070, 0.445948490915965, 0.445948490915965,  0.223381589678011,
0.445948490915965, 0.108103018168070, 0.445948490915965,  0.223381589678011,
0.445948490915965, 0.445948490915965, 0.108103018168070,  0.223381589678011,
0.816847572980459, 0.091576213509771, 0.091576213509771,  0.109951743655322,
0.091576213509771, 0.816847572980459, 0.091576213509771,  0.109951743655322,
0.091576213509771, 0.091576213509771, 0.816847572980459,  0.109951743655322,
// 5 - poly deg 5
0.333333333333333, 0.333333333333333, 0.333333333333333,  0.225000000000000,
0.059715871789770, 0.470142064105115, 0.470142064105115,  0.132394152788506,
0.470142064105115, 0.059715871789770, 0.470142064105115,  0.132394152788506,
0.470142064105115, 0.470142064105115, 0.059715871789770,  0.132394152788506,
0.797426985353087, 0.101286507323456, 0.101286507323456,  0.125939180544827,
0.101286507323456, 0.797426985353087, 0.101286507323456,  0.125939180544827,
0.101286507323456, 0.101286507323456, 0.797426985353087,  0.125939180544827,
// 6 - poly deg 6
0.501426509658179, 0.249286745170910, 0.249286745170910,  0.116786275726379,
0.249286745170910, 0.501426509658179, 0.249286745170910,  0.116786275726379,
0.249286745170910, 0.249286745170910, 0.501426509658179,  0.116786275726379,
0.873821971016996, 0.063089014491502, 0.063089014491502,  0.050844906370207,
0.063089014491502, 0.873821971016996, 0.063089014491502,  0.050844906370207,
0.063089014491502, 0.063089014491502, 0.873821971016996,  0.050844906370207,
0.053145049844817, 0.310352451033784, 0.636502499121399,  0.082851075618374,
0.310352451033784, 0.636502499121399, 0.053145049844817,  0.082851075618374,
0.636502499121399, 0.053145049844817, 0.310352451033784,  0.082851075618374,
0.053145049844817, 0.636502499121399, 0.310352451033784,  0.082851075618374,
0.636502499121399, 0.310352451033784, 0.053145049844817,  0.082851075618374,
0.310352451033784, 0.053145049844817, 0.636502499121399,  0.082851075618374,
};



MGSize tabN_simpl3D[]    = { 1, 4, 5, 11, 15, 24 };
MGSize tabSumN_simpl3D[] = { 0, 1, 5, 10, 21, 36 };
MGFloat tabGW_simpl3D[] = 
{
// 1 - poly deg 1
0.25,               0.25,               0.25,               0.25,               1.0,
// 2 - poly deg 2
0.5854101966249685, 0.1381966011250105, 0.1381966011250105, 0.1381966011250105,  0.25,
0.1381966011250105, 0.5854101966249685, 0.1381966011250105, 0.1381966011250105,  0.25,
0.1381966011250105, 0.1381966011250105, 0.5854101966249685, 0.1381966011250105,  0.25,
0.1381966011250105, 0.1381966011250105, 0.1381966011250105, 0.5854101966249685,  0.25,
// 3 - poly deg 3
0.25,               0.25,               0.25,               0.25,               -0.8,
0.5,                0.1666666666666667, 0.1666666666666667, 0.1666666666666667,  0.45,
0.1666666666666667, 0.5,                0.1666666666666667, 0.1666666666666667,  0.45,
0.1666666666666667, 0.1666666666666667, 0.5,                0.1666666666666667,  0.45,
0.1666666666666667, 0.1666666666666667, 0.1666666666666667, 0.5,                 0.45,
// 4 - poly deg 4
0.25,                0.25,                0.25,                0.25,                -0.07893333333333333,
0.7857142857142857,  0.07142857142857143, 0.07142857142857143, 0.07142857142857143,  0.04573333333333333,
0.07142857142857143, 0.7857142857142857,  0.07142857142857143, 0.07142857142857143,  0.04573333333333333,
0.07142857142857143, 0.07142857142857143, 0.7857142857142857,  0.07142857142857143,  0.04573333333333333,
0.07142857142857143, 0.07142857142857143, 0.07142857142857143, 0.7857142857142857,   0.04573333333333333,
0.1005964238332008,  0.3994035761667992,  0.3994035761667992,  0.1005964238332008,   0.1493333333333333,
0.3994035761667992,  0.1005964238332008,  0.3994035761667992,  0.1005964238332008,   0.1493333333333333,
0.3994035761667992,  0.3994035761667992,  0.1005964238332008,  0.1005964238332008,   0.1493333333333333,
0.3994035761667992,  0.1005964238332008,  0.1005964238332008,  0.3994035761667992,   0.1493333333333333,
0.1005964238332008,  0.3994035761667992,  0.1005964238332008,  0.3994035761667992,   0.1493333333333333,
0.1005964238332008,  0.1005964238332008,  0.3994035761667992,  0.3994035761667992,   0.1493333333333333,
// 5 - poly deg 5
0.25,                0.25,                0.25,                0.25,                 0.1817020685825351,
0.0,                 0.3333333333333333,  0.3333333333333333,  0.3333333333333333,   0.0361607142857143,
0.3333333333333333,  0.0,                 0.3333333333333333,  0.3333333333333333,   0.0361607142857143,
0.3333333333333333,  0.3333333333333333,  0.0,                 0.3333333333333333,   0.0361607142857143,
0.3333333333333333,  0.3333333333333333,  0.3333333333333333,  0.0,                  0.0361607142857143,
0.7272727272727273,  0.09090909090909091, 0.09090909090909091, 0.09090909090909091,  0.06987149451617385,
0.09090909090909091, 0.7272727272727273,  0.09090909090909091, 0.09090909090909091,  0.06987149451617385,
0.09090909090909091, 0.09090909090909091, 0.7272727272727273,  0.09090909090909091,  0.06987149451617385,
0.09090909090909091, 0.09090909090909091, 0.09090909090909091, 0.7272727272727273,   0.06987149451617385,
0.4334498464263357,  0.06655015357366428, 0.06655015357366428, 0.4334498464263357,   0.06569484936831872,
0.06655015357366428, 0.4334498464263357,  0.06655015357366428, 0.4334498464263357,   0.06569484936831872,
0.06655015357366428, 0.06655015357366428, 0.4334498464263357,  0.4334498464263357,   0.06569484936831872,
0.06655015357366428, 0.4334498464263357,  0.4334498464263357,  0.06655015357366428,  0.06569484936831872,
0.4334498464263357,  0.06655015357366428, 0.4334498464263357,  0.06655015357366428,  0.06569484936831872,
0.4334498464263357,  0.4334498464263357,  0.06655015357366428, 0.06655015357366428,  0.06569484936831872,
// 6 - poly deg 6
0.3561913862225449,  0.2146028712591517,  0.2146028712591517,  0.2146028712591517,   0.03992275025816787,
0.2146028712591517,  0.2146028712591517,  0.2146028712591517,  0.3561913862225449,   0.03992275025816787,
0.2146028712591517,  0.2146028712591517,  0.3561913862225449,  0.2146028712591517,   0.03992275025816787,
0.2146028712591517,  0.3561913862225449,  0.2146028712591517,  0.2146028712591517,   0.03992275025816787,
0.877978124396166,   0.04067395853461134, 0.04067395853461134, 0.04067395853461134,  0.01007721105532066,
0.04067395853461134, 0.04067395853461134, 0.04067395853461134, 0.877978124396166,    0.01007721105532066,
0.04067395853461134, 0.04067395853461134, 0.877978124396166,   0.04067395853461134,  0.01007721105532066,
0.04067395853461134, 0.877978124396166,   0.04067395853461134, 0.04067395853461134,  0.01007721105532066,
0.03298632957317306, 0.3223378901422757,  0.3223378901422757,  0.3223378901422757,   0.05535718154365439,
0.3223378901422757,  0.3223378901422757,  0.3223378901422757,  0.03298632957317306,  0.05535718154365439,
0.3223378901422757,  0.3223378901422757,  0.03298632957317306, 0.3223378901422757,   0.05535718154365439,
0.3223378901422757,  0.03298632957317306, 0.3223378901422757,  0.3223378901422757,   0.05535718154365439,
0.2696723314583159,  0.06366100187501753, 0.06366100187501753, 0.6030056647916491,   0.0482142857142857,
0.06366100187501753, 0.2696723314583159,  0.06366100187501753, 0.6030056647916491,   0.0482142857142857,
0.06366100187501753, 0.06366100187501753, 0.2696723314583159,  0.6030056647916491,   0.0482142857142857,
0.6030056647916491,  0.06366100187501753, 0.06366100187501753, 0.2696723314583159,   0.0482142857142857,
0.06366100187501753, 0.6030056647916491,  0.06366100187501753, 0.2696723314583159,   0.0482142857142857,
0.06366100187501753, 0.06366100187501753, 0.6030056647916491,  0.2696723314583159,   0.0482142857142857,
0.06366100187501753, 0.2696723314583159,  0.6030056647916491,  0.06366100187501753,  0.0482142857142857,
0.2696723314583159,  0.6030056647916491,  0.06366100187501753, 0.06366100187501753,  0.0482142857142857,
0.6030056647916491,  0.06366100187501753, 0.2696723314583159,  0.06366100187501753,  0.0482142857142857,
0.06366100187501753, 0.6030056647916491,  0.2696723314583159,  0.06366100187501753,  0.0482142857142857,
0.2696723314583159,  0.06366100187501753, 0.6030056647916491,  0.06366100187501753,  0.0482142857142857,
0.6030056647916491,  0.2696723314583159,  0.06366100187501753, 0.06366100187501753,  0.0482142857142857,
};


template class GaussQuadrature<DIM_1D>;
template class GaussQuadrature<DIM_2D>;
template class GaussQuadrature<DIM_3D>;


} // end of namespace SpaceGeomTools
//\\//\\//\\//\\//\\//\\//\\//\\//\\//\\//\\//\\//\\//\\//\\//\\//\\//
